164889003
59118001
164934002
426177001
164890007
429622005
428750005
426783006
55827005
427084000
270492004
251173003
59931005
164909002
164912004
164917005
284470004
233917008
17338001
698252002
251146004
39732003
47665007
251199005
164865005
164931005
251180001
111975006
164937009
428417006
164947007
251198002
164873001
446358003
67751000119106
164942001
426995002
89792004
195042002
195060002
75532003
27885002
74390002
195101003
251164006
11157007
54016002
13640000
164930006
426761007
713422000
251166008
17366009
233897008
